0 90
0 90
0 90
0 90
0 90
0 90
0 90
0 90
0 90
0 90
0 90
0 90
0 90
0 90
0 90
0 90
0 90
0 90
0 90
0 90
0 90
0 90
0 90
0 90
0 90
0 90
0 90
0 90
0 90
0 90
0 90
0 90
0 90
0 90
0 90
0 90
0 90
0 90
0 90
0 90
0 90
0 90
0 90
0 90
0 90
0 90
0 90
0 90
0 90
0 90
0 90
0 90
0 90
0 90
0 90
0 90
0 90
0 90
0 90
0 90
0 90
0 90
0 90
0 90
0 90
0 90
0 90
0 90
0 90
0 90
0 90
0 90
0 90
0 90
0 90
0 90
0 90
0 90
0 90
0 90
0 90
0 90
0 90
0 90
0 90
0 90
0 90
0 90
0 90
0 90
0 90
0 90
0 90
0 90
0 90
0 90
0 90
0 90
0 90
0 90
0 90
0 90
0 90
0 90
0 90
0 90
0 90
0 90
0 90
0 90
0 90
0 90
0 90
0 90
0 90
0 90
0 90
0 90
0 90
0 90
0 90
0 90
0 90
0 90
0 90
0 90
0 90
0 90
0 90
0 90
0 90
0 90
0 90
0 90
0 90
0 90
0 90
0 90
0 90
0 90
0 90
0 90
0 90
0 90
0 90
0 90
0 90
0 90
0 90
0 90
0 90
0 90
0 90
0 90
0 90
0 90
0 90
0 90
0 90
0 90
0 90
0 90
0 90
0 90
0 90
0 90
0 90
0 90
0 90
0 90
0 90
0 90
0 90
0 90
0 90
0 90
0 90
0 90
0 90
0 90
0 90
0 90
0 90
0 90
0 90
0 90
0 90
0 90
0 90
0 90
0 90
0 90
0 90
0 90
0 90
0 90
0 90
0 90
0 90
0 90
0 90
0 90
0 90
0 90
0 90
0 90
0 90
0 90
0 90
0 90
0 90
0 90
0 90
0 90
0 90
0 90
0 90
0 90
0 90
0 90
0 90
0 90
0 90
0 90
0 90
0 90
0 90
0 90
0 90
0 90
0 90
0 90
0 90
0 90
0 90
0 90
0 90
0 90
0 90
0 90
0 90
0 90
0 90
0 90
0 90
0 90
0 90
0 90
0 90
0 90
0 90
0 90
0 90
4.81081081081 90.0
4.81081081081 90.0
4.81081081081 90.0
4.81081081081 90.0
4.81081081081 90.0
4.81081081081 90.0
5.67117117117 90.0
5.67117117117 90.0
5.67117117117 90.0
5.67117117117 90.0
5.67117117117 90.0
5.67117117117 90.0
6.53153153153 90.0
6.53153153153 90.0
6.53153153153 90.0
6.53153153153 90.0
6.53153153153 90.0
7.39189189189 90.0
7.39189189189 90.0
7.39189189189 90.0
7.39189189189 90.0
7.39189189189 90.0
8.25225225225 90.0
8.25225225225 90.0
8.25225225225 90.0
8.25225225225 90.0
8.25225225225 90.0
9.11261261261 90.0
9.11261261261 90.0
9.11261261261 90.0
9.11261261261 90.0
9.11261261261 90.0
9.97297297297 90.0
9.97297297297 90.0
9.97297297297 90.0
9.97297297297 90.0
9.97297297297 90.0
10.8333333333 90.0
10.8333333333 90.0
10.8333333333 90.0
10.8333333333 90.0
10.8333333333 90.0
11.6936936937 90.0
11.6936936937 90.0
11.6936936937 90.0
11.6936936937 90.0
11.6936936937 90.0
12.5540540541 90.0
12.5540540541 90.0
12.5540540541 90.0
12.5540540541 90.0
12.5540540541 90.0
13.4144144144 90.0
13.4144144144 90.0
13.4144144144 90.0
13.4144144144 90.0
13.4144144144 90.0
14.2747747748 90.0
14.2747747748 90.0
14.2747747748 90.0
15.9954954955 90.0
15.9954954955 90.0
15.9954954955 90.0
15.9954954955 90.0
16.2522522522 90.0
16.2522522522 90.0
16.509009009 90.0
16.509009009 90.0
16.509009009 90.0
16.7657657658 90.0
16.7657657658 90.0
17.0225225225 90.0
17.0225225225 90.0
17.2792792793 90.0
17.2792792793 90.0
17.536036036 90.0
17.536036036 90.0
17.536036036 90.0
17.7927927928 90.0
17.7927927928 90.0
18.0495495495 90.0
18.0495495495 90.0
18.0495495495 90.0
18.3063063063 90.0
18.3063063063 90.0
18.5630630631 90.0
18.5630630631 90.0
18.8198198198 90.0
18.8198198198 90.0
19.0765765766 90.0
19.0765765766 90.0
19.0765765766 90.0
19.3333333333 90.0
19.3333333333 90.0
19.5900900901 90.0
19.5900900901 90.0
19.8468468468 90.0
19.8468468468 90.0
19.8468468468 90.0
20.1036036036 90.0
20.3603603604 90.0
20.3603603604 90.0
20.3603603604 90.0
20.6171171171 90.0
20.6171171171 90.0
20.8738738739 90.0
20.8738738739 90.0
20.8738738739 90.0
20.8738738739 90.0
20.8738738739 90.0
20.8738738739 90.0
21.1306306306 90.0
21.1306306306 90.0
21.1306306306 90.0
21.3873873874 90.0
21.3873873874 90.0
21.6441441441 90.0
21.6441441441 90.0
21.9009009009 90.0
21.9009009009 90.0
21.9009009009 90.0
22.1576576577 90.0
22.1576576577 90.0
22.4144144144 90.0
22.4144144144 90.0
22.4144144144 90.0
22.6711711712 90.0
22.6711711712 90.0
22.6711711712 90.0
22.9279279279 90.0
22.9279279279 90.0
22.9279279279 90.0
22.3100033996 90.0
22.3100033996 90.0
22.3100033996 90.0
22.3100033996 90.0
21.6920788713 90.0
21.6920788713 90.0
21.6920788713 90.0
21.6920788713 90.0
21.074154343 90.0
21.074154343 90.0
21.074154343 90.0
21.074154343 90.0
20.4562298147 90.0
20.4562298147 90.0
20.4562298147 90.0
20.4562298147 90.0
19.8383052864 90.0
19.8383052864 90.0
19.8383052864 90.0
19.8383052864 90.0
19.2203807581 90.0
19.2203807581 90.0
19.2203807581 90.0
19.2203807581 90.0
18.6024562298 90.0
18.6024562298 90.0
18.6024562298 90.0
18.6024562298 90.0
17.9845317015 90.0
17.9845317015 90.0
17.9845317015 90.0
17.9845317015 90.0
17.9845317015 90.0
17.3666071732 90.0
17.3666071732 90.0
17.3666071732 90.0
17.3666071732 90.0
16.7486826449 90.0
16.7486826449 90.0
16.7486826449 90.0
16.7486826449 90.0
16.7486826449 90.0
16.7486826449 90.0
16.7486826449 90.0
16.7486826449 90.0
16.7486826449 90.0
16.1307581166 90.0
16.1307581166 90.0
16.1307581166 90.0
16.1307581166 90.0
15.5128335883 90.0
15.5128335883 90.0
15.5128335883 90.0
14.2769845317 90.0
14.2769845317 90.0
14.2769845317 90.0
14.2769845317 90.0
14.2769845317 90.0
14.2769845317 90.0
13.4515128336 90.0
13.4515128336 90.0
13.4515128336 90.0
13.4515128336 90.0
13.4515128336 90.0
12.6260411355 90.0
12.6260411355 90.0
12.6260411355 90.0
12.6260411355 90.0
12.6260411355 90.0
12.6260411355 90.0
11.8005694374 90.0
11.8005694374 90.0
11.8005694374 90.0
11.8005694374 90.0
11.8005694374 90.0
10.9750977393 90.0
10.9750977393 90.0
10.9750977393 90.0
10.9750977393 90.0
10.9750977393 90.0
10.1496260411 90.0
10.1496260411 90.0
10.1496260411 90.0
10.1496260411 90.0
10.1496260411 90.0
9.32415434302 90.0
9.32415434302 90.0
9.32415434302 90.0
9.32415434302 90.0
9.32415434302 90.0
8.49868264491 90.0
8.49868264491 90.0
8.49868264491 90.0
8.49868264491 90.0
8.49868264491 90.0
7.6732109468 90.0
7.6732109468 90.0
7.6732109468 90.0
7.6732109468 90.0
7.6732109468 90.0
6.02226755057 90.0
6.02226755057 90.0
6.02226755057 90.0
6.02226755057 90.0
6.02226755057 90.0
6.02226755057 90.0
5.19679585246 90.0
5.19679585246 90.0
5.19679585246 90.0
5.19679585246 90.0
5.19679585246 90.0
4.37132415435 90.0
4.37132415435 90.0
4.37132415435 90.0
4.37132415435 90.0
4.37132415435 90.0
3.54585245623 90.0
3.54585245623 90.0
3.54585245623 90.0
3.54585245623 90.0
3.54585245623 90.0
3.54585245623 90.0
2.72038075812 90.0
2.72038075812 90.0
2.72038075812 90.0
2.72038075812 90.0
2.72038075812 90.0
2.72038075812 90.0
1.89490906001 90.0
1.89490906001 90.0
1.89490906001 90.0
1.89490906001 90.0
1.22981472038 90.0
1.22981472038 90.0
1.22981472038 90.0
1.22981472038 90.0
0.564720380762 90.0
0.564720380762 90.0
0.564720380762 90.0
0.564720380762 90.0
-0.100373958861 90.0
-0.100373958861 90.0
-0.100373958861 90.0
-0.100373958861 90.0
-0.765468298484 90.0
-0.765468298484 90.0
-0.765468298484 90.0
-0.765468298484 90.0
-1.43056263811 90.0
-1.43056263811 90.0
-1.43056263811 90.0
-1.43056263811 90.0
-1.43056263811 90.0
-2.09565697773 90.0
-2.09565697773 90.0
-2.09565697773 90.0
-2.09565697773 90.0
-2.76075131735 90.0
-2.76075131735 90.0
-2.76075131735 90.0
-2.76075131735 90.0
-3.42584565698 90.0
-3.42584565698 90.0
-3.42584565698 90.0
-4.0909399966 90.0
-4.0909399966 90.0
-4.0909399966 90.0
-4.0909399966 90.0
-4.75603433622 90.0
-4.75603433622 90.0
-4.75603433622 90.0
-4.75603433622 90.0
-5.42112867585 90.0
-5.42112867585 90.0
-5.42112867585 90.0
-5.42112867585 90.0
-6.08622301547 90.0
-6.08622301547 90.0
-6.08622301547 90.0
-6.75131735509 90.0
-6.75131735509 90.0
-6.50807411185 90.0
-6.50807411185 90.0
-6.26483086861 90.0
-6.26483086861 90.0
-6.02158762536 90.0
-6.02158762536 90.0
-6.02158762536 90.0
-5.77834438212 90.0
-5.77834438212 90.0
-5.53510113888 90.0
-5.29185789563 90.0
-5.29185789563 90.0
-5.29185789563 90.0
-5.04861465239 90.0
-4.80537140915 90.0
-4.80537140915 90.0
-4.5621281659 90.0
-4.5621281659 90.0
-4.31888492266 90.0
-4.31888492266 90.0
-4.07564167942 90.0
-3.83239843618 90.0
-3.83239843618 90.0
-3.58915519293 90.0
-3.58915519293 90.0
-3.58915519293 90.0
-3.34591194969 90.0
-3.34591194969 90.0
-3.10266870645 90.0
-3.10266870645 90.0
-3.10266870645 90.0
-2.8594254632 90.0
-2.8594254632 90.0
-2.8594254632 90.0
-2.61618221996 90.0
-2.61618221996 90.0
-2.37293897672 90.0
-2.12969573347 90.0
-2.12969573347 90.0
-1.88645249023 90.0
-1.88645249023 90.0
-1.64320924699 90.0
-1.64320924699 90.0
-1.39996600375 90.0
-1.1567227605 90.0
-1.1567227605 90.0
-0.670236274016 90.0
-0.670236274016 90.0
-0.670236274016 90.0
-0.426993030773 90.0
-0.18374978753 90.0
-0.18374978753 90.0
0.059493455713 90.0
0.059493455713 90.0
0.302736698956 90.0
0.545979942199 90.0
0.545979942199 90.0
1.27570967193 90.0
1.27570967193 90.0
1.27570967193 90.0
1.27570967193 90.0
1.27570967193 90.0
1.27570967193 90.0
1.27570967193 90.0
2.08201597823 90.0
2.08201597823 90.0
2.08201597823 90.0
2.08201597823 90.0
2.08201597823 90.0
2.08201597823 90.0
2.08201597823 90.0
2.88832228454 90.0
2.88832228454 90.0
2.88832228454 90.0
2.88832228454 90.0
2.88832228454 90.0
2.88832228454 90.0
2.88832228454 90.0
3.69462859085 90.0
3.69462859085 90.0
3.69462859085 90.0
3.69462859085 90.0
3.69462859085 90.0
3.69462859085 90.0
4.50093489715 90.0
4.50093489715 90.0
4.50093489715 90.0
4.50093489715 90.0
4.50093489715 90.0
4.50093489715 90.0
5.30724120346 90.0
5.30724120346 90.0
5.30724120346 90.0
5.30724120346 90.0
5.30724120346 90.0
5.30724120346 90.0
5.30724120346 90.0
6.11354750976 90.0
6.11354750976 90.0
6.11354750976 90.0
6.11354750976 90.0
6.11354750976 90.0
6.11354750976 90.0
6.91985381607 90.0
6.91985381607 90.0
6.91985381607 90.0
6.91985381607 90.0
6.91985381607 90.0
6.91985381607 90.0
6.91985381607 90.0
7.72616012238 90.0
7.72616012238 90.0
7.72616012238 90.0
7.72616012238 90.0
7.72616012238 90.0
7.72616012238 90.0
7.72616012238 90.0
8.53246642868 90.0
8.53246642868 90.0
8.53246642868 90.0
8.53246642868 90.0
8.53246642868 90.0
8.53246642868 90.0
8.53246642868 90.0
9.33877273499 90.0
9.33877273499 90.0
9.33877273499 90.0
9.33877273499 90.0
9.33877273499 90.0
10.1450790413 90.0
10.1450790413 90.0
10.1450790413 90.0
10.1450790413 90.0
10.1450790413 90.0
10.1450790413 90.0
10.1450790413 90.0
10.9513853476 90.0
10.9513853476 90.0
10.9513853476 90.0
10.9513853476 90.0
10.9513853476 90.0
10.9513853476 90.0
10.9513853476 90.0
11.7576916539 90.0
11.7576916539 90.0
11.7576916539 90.0
11.7576916539 90.0
11.7576916539 90.0
11.7576916539 90.0
11.7576916539 90.0
12.5639979602 90.0
12.5639979602 90.0
12.5639979602 90.0
12.5639979602 90.0
12.5639979602 90.0
12.5639979602 90.0
13.311745708 90.0
13.311745708 90.0
13.311745708 90.0
13.311745708 90.0
13.311745708 90.0
13.311745708 90.0
14.0594934557 90.0
14.0594934557 90.0
14.0594934557 90.0
14.0594934557 90.0
14.0594934557 90.0
14.0594934557 90.0
14.8072412035 90.0
14.8072412035 90.0
14.8072412035 90.0
14.8072412035 90.0
14.8072412035 90.0
14.8072412035 90.0
15.5549889512 90.0
15.5549889512 90.0
15.5549889512 90.0
15.5549889512 90.0
15.5549889512 90.0
16.302736699 90.0
16.302736699 90.0
16.302736699 90.0
16.302736699 90.0
16.302736699 90.0
16.302736699 90.0
17.0504844467 90.0
17.0504844467 90.0
17.0504844467 90.0
17.0504844467 90.0
17.0504844467 90.0
17.0504844467 90.0
17.0504844467 90.0
17.7982321944 90.0
17.7982321944 90.0
17.7982321944 90.0
17.7982321944 90.0
17.7982321944 90.0
18.5459799422 90.0
18.5459799422 90.0
18.5459799422 90.0
18.5459799422 90.0
18.5459799422 90.0
18.5459799422 90.0
19.2937276899 90.0
19.2937276899 90.0
19.2937276899 90.0
19.2937276899 90.0
19.2937276899 90.0
19.2937276899 90.0
20.0414754377 90.0
20.0414754377 90.0
20.0414754377 90.0
20.0414754377 90.0
20.0414754377 90.0
20.0414754377 90.0
20.7892231854 90.0
20.7892231854 90.0
20.7892231854 90.0
20.7892231854 90.0
20.7892231854 90.0
20.7892231854 90.0
21.5369709332 90.0
21.5369709332 90.0
21.5369709332 90.0
21.5369709332 90.0
21.5369709332 90.0
21.5369709332 90.0
22.2847186809 90.0
22.2847186809 90.0
22.2847186809 90.0
22.2847186809 90.0
22.2847186809 90.0
23.0324664287 90.0
23.0324664287 90.0
23.0324664287 90.0
23.0324664287 90.0
23.0324664287 90.0
23.7802141764 90.0
23.7802141764 90.0
23.7802141764 90.0
23.7802141764 90.0
23.7802141764 90.0
23.7802141764 90.0
24.5504844467 90.0
24.5504844467 90.0
24.5504844467 90.0
24.5504844467 90.0
24.5504844467 90.0
24.5504844467 90.0
25.320754717 90.0
25.320754717 90.0
25.320754717 90.0
25.320754717 90.0
25.320754717 90.0
25.320754717 90.0
26.0910249872 90.0
26.0910249872 90.0
26.0910249872 90.0
26.0910249872 90.0
26.0910249872 90.0
26.8612952575 90.0
26.8612952575 90.0
26.8612952575 90.0
26.8612952575 90.0
26.8612952575 90.0
26.8612952575 90.0
27.6315655278 90.0
27.6315655278 90.0
27.6315655278 90.0
27.6315655278 90.0
27.6315655278 90.0
28.4018357981 90.0
28.4018357981 90.0
28.4018357981 90.0
28.4018357981 90.0
28.4018357981 90.0
28.4018357981 90.0
28.4018357981 90.0
29.1721060683 90.0
29.1721060683 90.0
29.1721060683 90.0
29.1721060683 90.0
29.1721060683 90.0
29.9423763386 90.0
29.9423763386 90.0
29.9423763386 90.0
29.9423763386 90.0
29.9423763386 90.0
29.9423763386 90.0
30.7126466089 90.0
30.7126466089 90.0
30.7126466089 90.0
30.7126466089 90.0
30.7126466089 90.0
30.7126466089 90.0
30.7126466089 90.0
30.7126466089 90.0
30.7126466089 90.0
30.7126466089 90.0
30.7126466089 90.0
30.7126466089 90.0
31.4829168791 90.0
32.2531871494 90.0
32.2531871494 90.0
32.2531871494 90.0
32.2531871494 90.0
32.2531871494 90.0
33.0234574197 90.0
33.0234574197 90.0
33.0234574197 90.0
33.0234574197 90.0
33.0234574197 90.0
33.0234574197 90.0
33.7937276899 90.0
33.7937276899 90.0
33.7937276899 90.0
33.7937276899 90.0
33.7937276899 90.0
34.5639979602 90.0
34.5639979602 90.0
34.8252592215 90.0
34.8252592215 90.0
34.8252592215 90.0
35.0865204827 90.0
35.0865204827 90.0
35.347781744 90.0
35.347781744 90.0
35.6090430053 90.0
35.6090430053 90.0
35.6090430053 90.0
35.8703042665 90.0
35.8703042665 90.0
35.8703042665 90.0
36.1315655278 90.0
36.1315655278 90.0
36.392826789 90.0
36.392826789 90.0
36.6540880503 90.0
36.6540880503 90.0
36.9153493116 90.0
36.9153493116 90.0
36.9153493116 90.0
36.9153493116 90.0
37.1766105728 90.0
37.1766105728 90.0
37.4378718341 90.0
37.4378718341 90.0
37.4378718341 90.0
37.6991330953 90.0
37.6991330953 90.0
37.9603943566 90.0
37.9603943566 90.0
37.9603943566 90.0
38.2216556179 90.0
38.2216556179 90.0
38.4829168791 90.0
38.4829168791 90.0
38.7441781404 90.0
38.7441781404 90.0
38.7441781404 90.0
39.0054394016 90.0
39.0054394016 90.0
39.0054394016 90.0
39.2667006629 90.0
39.2667006629 90.0
39.5279619242 90.0
39.5279619242 90.0
39.5279619242 90.0
39.7892231854 90.0
39.7892231854 90.0
40.0504844467 90.0
40.0504844467 90.0
40.0504844467 90.0
40.311745708 90.0
40.311745708 90.0
40.5730069692 90.0
40.5730069692 90.0
40.5730069692 90.0
40.8342682305 90.0
40.8342682305 90.0
41.0955294917 90.0
41.0955294917 90.0
41.0955294917 90.0
41.0955294917 90.0
41.356790753 90.0
41.356790753 90.0
41.356790753 90.0
41.6180520143 90.0
41.6180520143 90.0
41.6180520143 90.0
41.8793132755 90.0
41.8793132755 90.0
42.1405745368 90.0
42.6630970593 90.0
42.6630970593 90.0
42.6630970593 90.0
42.6630970593 90.0
42.6630970593 90.0
42.6630970593 90.0
42.0640404555 90.0
42.0640404555 90.0
42.0640404555 90.0
42.0640404555 90.0
42.0640404555 90.0
41.4649838518 90.0
41.4649838518 90.0
41.4649838518 90.0
41.4649838518 90.0
41.4649838518 90.0
41.4649838518 90.0
40.865927248 90.0
40.865927248 90.0
40.865927248 90.0
40.865927248 90.0
40.2668706442 90.0
40.2668706442 90.0
40.2668706442 90.0
40.2668706442 90.0
40.2668706442 90.0
40.2668706442 90.0
39.6678140404 90.0
39.6678140404 90.0
39.6678140404 90.0
39.6678140404 90.0
39.0687574367 90.0
39.0687574367 90.0
39.0687574367 90.0
39.0687574367 90.0
39.0687574367 90.0
38.4697008329 90.0
38.4697008329 90.0
38.4697008329 90.0
38.4697008329 90.0
38.4697008329 90.0
37.8706442291 90.0
37.8706442291 90.0
37.8706442291 90.0
37.8706442291 90.0
37.8706442291 90.0
37.2715876253 90.0
37.2715876253 90.0
37.2715876253 90.0
37.2715876253 90.0
37.2715876253 90.0
37.2715876253 90.0
36.6725310216 90.0
36.6725310216 90.0
36.6725310216 90.0
36.6725310216 90.0
36.6725310216 90.0
36.0734744178 90.0
36.0734744178 90.0
36.0734744178 90.0
36.0734744178 90.0
35.474417814 90.0
35.474417814 90.0
35.474417814 90.0
35.474417814 90.0
35.474417814 90.0
35.474417814 90.0
34.8753612102 90.0
34.8753612102 90.0
34.8753612102 90.0
34.8753612102 90.0
34.8753612102 90.0
34.2763046065 90.0
34.2763046065 90.0
34.2763046065 90.0
34.2763046065 90.0
34.2763046065 90.0
33.6772480027 90.0
33.6772480027 90.0
33.6772480027 90.0
33.6772480027 90.0
33.6772480027 90.0
33.6772480027 90.0
33.0781913989 90.0
33.0781913989 90.0
31.8800781914 90.0
31.8800781914 90.0
31.8800781914 90.0
31.8800781914 90.0
31.8800781914 90.0
31.8800781914 90.0
31.8800781914 90.5864197531
31.8800781914 90.5864197531
31.8800781914 90.5864197531
31.8800781914 90.5864197531
31.8800781914 90.5864197531
31.8800781914 91.1728395062
31.8800781914 91.1728395062
31.8800781914 91.1728395062
31.8800781914 91.1728395062
31.8800781914 91.1728395062
31.8800781914 91.7592592593
31.8800781914 91.7592592593
31.8800781914 91.7592592593
31.8800781914 91.7592592593
31.8800781914 91.7592592593
31.8800781914 91.7592592593
31.8800781914 91.7592592593
31.8800781914 92.3456790123
31.8800781914 92.3456790123
31.8800781914 92.3456790123
31.8800781914 92.3456790123
31.8800781914 92.3456790123
31.8800781914 92.9320987654
31.8800781914 92.9320987654
31.8800781914 92.9320987654
31.8800781914 92.9320987654
31.8800781914 92.9320987654
31.8800781914 93.5185185185
31.8800781914 93.5185185185
31.8800781914 93.5185185185
31.8800781914 93.5185185185
31.8800781914 93.5185185185
31.8800781914 93.5185185185
31.8800781914 93.5185185185
31.8800781914 94.1049382716
31.8800781914 94.1049382716
31.8800781914 94.1049382716
31.8800781914 94.1049382716
31.8800781914 94.1049382716
31.8800781914 94.6913580247
31.8800781914 94.6913580247
31.8800781914 94.6913580247
31.8800781914 94.6913580247
31.8800781914 95.2777777778
31.8800781914 95.2777777778
31.8800781914 95.2777777778
31.8800781914 95.2777777778
31.8800781914 95.2777777778
31.8800781914 95.8641975309
31.8800781914 95.8641975309
31.8800781914 95.8641975309
31.8800781914 95.8641975309
31.8800781914 95.8641975309
31.8800781914 96.4506172839
31.8800781914 96.4506172839
31.8800781914 96.4506172839
31.8800781914 96.4506172839
31.8800781914 96.4506172839
31.8800781914 97.037037037
31.8800781914 97.037037037
31.8800781914 97.037037037
31.8800781914 97.037037037
31.8800781914 97.037037037
31.8800781914 97.037037037
31.8800781914 97.6234567901
31.8800781914 97.6234567901
31.8800781914 97.6234567901
31.8800781914 97.6234567901
31.8800781914 97.6234567901
31.8800781914 98.2098765432
31.8800781914 98.2098765432
31.8800781914 98.2098765432
31.8800781914 98.2098765432
31.8800781914 98.2098765432
31.8800781914 98.2098765432
31.8800781914 98.7962962963
31.8800781914 98.7962962963
31.8800781914 98.7962962963
31.8800781914 98.7962962963
31.8800781914 98.7962962963
31.8800781914 99.9691358025
31.8800781914 99.9691358025
31.8800781914 99.9691358025
31.8800781914 99.9691358025
31.8800781914 99.9691358025
31.8800781914 99.9691358025
31.8800781914 99.9691358025
31.4838517763 99.9691358025
31.4838517763 99.9691358025
31.4838517763 99.9691358025
31.4838517763 99.9691358025
31.4838517763 99.9691358025
31.0876253612 99.9691358025
31.0876253612 99.9691358025
31.0876253612 99.9691358025
31.0876253612 99.9691358025
31.0876253612 99.9691358025
31.0876253612 99.9691358025
30.6913989461 99.9691358025
30.6913989461 99.9691358025
30.6913989461 99.9691358025
30.6913989461 99.9691358025
30.6913989461 99.9691358025
30.6913989461 99.9691358025
30.295172531 99.9691358025
30.295172531 99.9691358025
30.295172531 99.9691358025
30.295172531 99.9691358025
30.295172531 99.9691358025
29.8989461159 99.9691358025
29.8989461159 99.9691358025
29.8989461159 99.9691358025
29.8989461159 99.9691358025
29.5027197008 99.9691358025
29.5027197008 99.9691358025
29.5027197008 99.9691358025
29.5027197008 99.9691358025
29.5027197008 99.9691358025
29.1064932857 99.9691358025
29.1064932857 99.9691358025
29.1064932857 99.9691358025
29.1064932857 99.9691358025
29.1064932857 99.9691358025
28.7102668706 99.9691358025
28.7102668706 99.9691358025
28.7102668706 99.9691358025
28.7102668706 99.9691358025
28.3140404555 99.9691358025
28.3140404555 99.9691358025
28.3140404555 99.9691358025
28.3140404555 99.9691358025
27.9178140404 99.9691358025
27.9178140404 99.9691358025
27.9178140404 99.9691358025
27.5215876253 99.9691358025
27.5215876253 99.9691358025
27.5215876253 99.9691358025
27.5215876253 99.9691358025
27.1253612102 99.9691358025
27.1253612102 99.9691358025
27.1253612102 99.9691358025
27.1253612102 99.9691358025
26.7291347951 99.9691358025
26.7291347951 99.9691358025
26.7291347951 99.9691358025
26.7291347951 99.9691358025
26.7291347951 99.9691358025
26.7291347951 99.9691358025
26.3329083801 99.9691358025
26.3329083801 99.9691358025
26.3329083801 99.9691358025
25.936681965 99.9691358025
25.936681965 99.9691358025
25.936681965 99.9691358025
25.936681965 99.9691358025
25.5404555499 99.9691358025
25.5404555499 99.9691358025
25.5404555499 99.9691358025
25.5404555499 99.9691358025
25.1442291348 99.9691358025
25.1442291348 99.9691358025
24.7480027197 99.9691358025
24.7480027197 99.9691358025
24.7480027197 99.9691358025
24.3517763046 99.9691358025
24.3517763046 99.9691358025
24.3517763046 99.9691358025
23.9555498895 99.9691358025
23.9555498895 99.9691358025
23.9555498895 99.9691358025
23.5593234744 99.9691358025
23.5593234744 99.9691358025
23.5593234744 99.9691358025
23.5593234744 99.9691358025
23.5593234744 99.9691358025
23.1630970593 99.9691358025
23.1630970593 99.9691358025
23.1630970593 99.9691358025
23.1630970593 99.6419753086
23.1630970593 99.6419753086
23.1630970593 99.6419753086
23.1630970593 99.3148148148
23.1630970593 99.3148148148
23.1630970593 99.3148148148
23.1630970593 98.987654321
23.1630970593 98.987654321
23.1630970593 98.987654321
23.1630970593 98.987654321
23.1630970593 98.6604938272
23.1630970593 98.6604938272
23.1630970593 98.6604938272
23.1630970593 98.6604938272
23.1630970593 98.6604938272
23.1630970593 98.3333333333
23.1630970593 98.3333333333
23.1630970593 98.0061728395
23.1630970593 98.0061728395
23.1630970593 98.0061728395
23.1630970593 97.6790123457
23.1630970593 97.6790123457
23.1630970593 97.6790123457
23.1630970593 97.6790123457
23.1630970593 97.3518518518
23.1630970593 97.3518518518
23.1630970593 97.024691358
23.1630970593 97.024691358
23.1630970593 97.024691358
23.1630970593 96.6975308642
23.1630970593 96.6975308642
23.1630970593 96.6975308642
23.1630970593 96.6975308642
23.1630970593 96.3703703704
23.1630970593 96.3703703704
23.1630970593 96.3703703704
23.1630970593 96.3703703704
23.1630970593 96.0432098765
23.1630970593 96.0432098765
23.1630970593 96.0432098765
23.1630970593 96.0432098765
23.1630970593 95.7160493827
23.1630970593 95.7160493827
23.1630970593 95.7160493827
23.1630970593 95.7160493827
23.1630970593 95.3888888889
23.1630970593 95.3888888889
23.1630970593 95.3888888889
23.1630970593 95.0617283951
23.1630970593 95.0617283951
23.1630970593 95.0617283951
23.1630970593 94.7345679012
23.1630970593 94.7345679012
23.1630970593 94.7345679012
23.1630970593 94.4074074074
23.1630970593 94.4074074074
23.1630970593 94.0802469136
23.1630970593 94.0802469136
23.1630970593 94.0802469136
23.1630970593 93.7530864197
23.1630970593 93.7530864197
23.1630970593 93.7530864197
23.1630970593 93.4259259259
23.1630970593 93.4259259259
23.1630970593 93.4259259259
23.1630970593 93.0987654321
23.1630970593 93.0987654321
23.1630970593 93.0987654321
23.1630970593 93.0987654321
23.1630970593 92.7716049383
23.1630970593 92.4444444444
23.1630970593 92.4444444444
23.1630970593 92.4444444444
23.1630970593 92.4444444444
23.1630970593 92.4444444444
23.1630970593 92.4444444444
23.1630970593 92.1172839506
23.1630970593 91.7901234568
23.1630970593 91.7901234568
23.1630970593 91.7901234568
23.1630970593 91.462962963
23.1630970593 91.462962963
23.1630970593 91.462962963
23.1630970593 91.1358024691
23.1630970593 91.1358024691
23.1630970593 91.1358024691
23.1630970593 90.8086419753
23.1630970593 90.8086419753
23.1630970593 90.8086419753
23.3703042665 90.8086419753
23.5775114737 90.8086419753
23.5775114737 90.8086419753
23.7847186809 90.8086419753
23.7847186809 90.8086419753
23.7847186809 90.8086419753
23.9919258881 90.8086419753
23.9919258881 90.8086419753
23.9919258881 90.8086419753
24.1991330953 90.8086419753
24.1991330953 90.8086419753
24.4063403025 90.8086419753
24.4063403025 90.8086419753
24.6135475098 90.8086419753
24.6135475098 90.8086419753
24.820754717 90.8086419753
24.820754717 90.8086419753
25.0279619242 90.8086419753
25.0279619242 90.8086419753
25.2351691314 90.8086419753
25.2351691314 90.8086419753
25.4423763386 90.8086419753
25.4423763386 90.8086419753
25.6495835458 90.8086419753
25.6495835458 90.8086419753
25.6495835458 90.8086419753
25.856790753 90.8086419753
26.0639979602 90.8086419753
26.0639979602 90.8086419753
26.2712051674 90.8086419753
26.2712051674 90.8086419753
26.4784123746 90.8086419753
26.4784123746 90.8086419753
26.6856195818 90.8086419753
26.6856195818 90.8086419753
26.892826789 90.8086419753
27.1000339962 90.8086419753
27.1000339962 90.8086419753
27.3072412034 90.8086419753
27.3072412034 90.8086419753
27.3072412034 90.8086419753
27.5144484106 90.8086419753
27.5144484106 90.8086419753
27.7216556179 90.8086419753
27.7216556179 90.8086419753
27.9288628251 90.8086419753
27.9288628251 90.8086419753
28.1360700323 90.8086419753
28.1360700323 90.8086419753
28.3432772395 90.8086419753
28.3432772395 90.8086419753
28.5504844467 90.8086419753
28.5504844467 90.8086419753
28.7576916539 90.8086419753
28.7576916539 90.8086419753
28.9648988611 90.8086419753
28.9648988611 90.8086419753
29.1721060683 90.8086419753
29.1721060683 90.8086419753
29.1721060683 90.8086419753
29.3793132755 90.8086419753
29.3793132755 90.8086419753
29.5865204827 90.8086419753
29.5865204827 90.8086419753
29.7937276899 90.8086419753
29.7937276899 90.8086419753
29.7937276899 90.8086419753
29.7937276899 90.8086419753
30.2081421043 90.8086419753
30.2081421043 90.8086419753
30.4153493115 90.8086419753
30.4153493115 90.8086419753
30.6225565188 90.8086419753
30.6225565188 90.8086419753
30.829763726 90.8086419753
30.829763726 90.8086419753
31.0369709332 90.8086419753
31.2441781404 90.8086419753
31.2441781404 90.8086419753
31.4513853476 90.8086419753
31.4513853476 90.8086419753
31.4513853476 90.8086419753
31.4513853476 90.5185185185
31.4513853476 90.5185185185
31.4513853476 90.2283950617
31.4513853476 90.2283950617
31.4513853476 90.2283950617
31.4513853476 89.9382716049
31.4513853476 89.9382716049
31.4513853476 89.9382716049
31.4513853476 89.6481481481
31.4513853476 89.6481481481
31.4513853476 89.3580246914
31.4513853476 89.3580246914
31.4513853476 89.3580246914
31.4513853476 89.0679012346
31.4513853476 89.0679012346
31.4513853476 89.0679012346
31.4513853476 88.7777777778
31.4513853476 88.7777777778
31.4513853476 88.487654321
31.4513853476 88.487654321
31.4513853476 88.487654321
31.4513853476 88.487654321
31.4513853476 88.1975308642
31.4513853476 88.1975308642
31.4513853476 87.9074074074
31.4513853476 87.9074074074
31.4513853476 87.9074074074
31.4513853476 87.6172839506
31.4513853476 87.6172839506
31.4513853476 87.6172839506
31.4513853476 87.3271604938
31.4513853476 87.3271604938
31.4513853476 87.3271604938
31.4513853476 87.037037037
31.4513853476 87.037037037
31.4513853476 86.7469135802
31.4513853476 86.7469135802
31.4513853476 86.7469135802
31.4513853476 86.4567901235
31.4513853476 86.4567901235
31.4513853476 86.1666666667
31.4513853476 86.1666666667
31.4513853476 86.1666666667
31.4513853476 85.8765432099
31.4513853476 85.8765432099
31.4513853476 85.8765432099
31.4513853476 85.5864197531
31.4513853476 85.5864197531
31.4513853476 85.2962962963
31.4513853476 85.2962962963
31.4513853476 85.0061728395
31.4513853476 85.0061728395
31.4513853476 85.0061728395
31.4513853476 84.7160493827
31.4513853476 84.7160493827
31.4513853476 84.7160493827
31.4513853476 84.7160493827
31.4513853476 84.4259259259
31.4513853476 84.4259259259
31.4513853476 84.1358024691
31.4513853476 84.1358024691
31.4513853476 83.8456790123
31.4513853476 83.8456790123
31.4513853476 83.8456790123
31.4513853476 83.5555555556
31.4513853476 83.5555555556
31.4513853476 83.5555555556
31.4513853476 83.2654320988
31.4513853476 83.2654320988
31.4513853476 82.975308642
31.4513853476 82.975308642
31.4513853476 82.975308642
31.4513853476 82.6851851852
31.4513853476 82.6851851852
31.4513853476 82.3950617284
31.4513853476 82.3950617284
31.4513853476 82.3950617284
31.4513853476 82.1049382716
31.4513853476 82.1049382716
31.4513853476 82.1049382716
31.4513853476 81.8148148148
31.4513853476 81.2345679012
31.4513853476 81.2345679012
31.4513853476 81.2345679012
31.4513853476 81.4691358025
31.4513853476 81.4691358025
31.4513853476 81.7037037037
31.4513853476 81.7037037037
31.4513853476 81.9382716049
31.4513853476 81.9382716049
31.4513853476 81.9382716049
31.4513853476 82.1728395062
31.4513853476 82.1728395062
31.4513853476 82.4074074074
31.4513853476 82.4074074074
31.4513853476 82.4074074074
31.4513853476 82.6419753086
31.4513853476 82.8765432099
31.4513853476 82.8765432099
31.4513853476 83.1111111111
31.4513853476 83.1111111111
31.4513853476 83.3456790124
31.4513853476 83.3456790124
31.4513853476 83.3456790124
31.4513853476 83.5802469136
31.4513853476 83.5802469136
31.4513853476 83.5802469136
31.4513853476 83.8148148148
31.4513853476 83.8148148148
31.4513853476 83.8148148148
31.4513853476 84.0493827161
31.4513853476 84.0493827161
31.4513853476 84.2839506173
31.4513853476 84.2839506173
31.4513853476 84.2839506173
31.4513853476 84.5185185185
31.4513853476 84.5185185185
31.4513853476 84.5185185185
31.4513853476 84.7530864198
31.4513853476 84.7530864198
31.4513853476 84.987654321
31.4513853476 84.987654321
31.4513853476 85.2222222222
31.4513853476 85.2222222222
31.4513853476 85.4567901235
31.4513853476 85.4567901235
31.4513853476 85.4567901235
31.4513853476 85.6913580247
31.4513853476 85.6913580247
31.4513853476 85.9259259259
31.4513853476 85.9259259259
31.4513853476 86.1604938272
31.4513853476 86.1604938272
31.4513853476 86.3950617284
31.4513853476 86.3950617284
31.4513853476 86.6296296296
31.4513853476 86.6296296296
31.4513853476 86.6296296296
31.4513853476 86.8641975309
31.4513853476 86.8641975309
31.4513853476 86.8641975309
31.4513853476 87.0987654321
31.4513853476 87.0987654321
31.4513853476 87.0987654321
31.4513853476 87.3333333333
31.4513853476 87.3333333333
31.4513853476 87.3333333333
31.4513853476 87.5679012346
31.4513853476 87.5679012346
31.4513853476 87.5679012346
31.4513853476 87.5679012346
31.4513853476 87.8024691358
31.4513853476 87.8024691358
31.4513853476 87.8024691358
31.4513853476 88.0370370371
31.4513853476 88.0370370371
31.4513853476 88.2716049383
31.4513853476 88.2716049383
31.4513853476 88.2716049383
31.0504419514 88.2716049383
31.0504419514 88.2716049383
31.0504419514 88.2716049383
30.6494985551 88.2716049383
30.6494985551 88.2716049383
30.2485551589 88.2716049383
30.2485551589 88.2716049383
30.2485551589 88.2716049383
29.8476117627 88.2716049383
29.8476117627 88.2716049383
29.8476117627 88.2716049383
29.4466683665 88.2716049383
29.4466683665 88.2716049383
29.4466683665 88.2716049383
29.0457249702 88.2716049383
29.0457249702 88.2716049383
29.0457249702 88.2716049383
29.0457249702 88.2716049383
28.644781574 88.2716049383
28.644781574 88.2716049383
28.2438381778 88.2716049383
28.2438381778 88.2716049383
28.2438381778 88.2716049383
28.2438381778 88.2716049383
27.8428947815 88.2716049383
27.8428947815 88.2716049383
27.8428947815 88.2716049383
27.8428947815 88.2716049383
27.4419513853 88.2716049383
27.4419513853 88.2716049383
27.4419513853 88.2716049383
27.0410079891 88.2716049383
27.0410079891 88.2716049383
27.0410079891 88.2716049383
26.6400645929 88.2716049383
26.6400645929 88.2716049383
26.6400645929 88.2716049383
26.2391211966 88.2716049383
26.2391211966 88.2716049383
26.2391211966 88.2716049383
25.8381778004 88.2716049383
25.8381778004 88.2716049383
25.8381778004 88.2716049383
25.4372344042 88.2716049383
25.4372344042 88.2716049383
25.4372344042 88.2716049383
25.036291008 88.2716049383
25.036291008 88.2716049383
25.036291008 88.2716049383
25.036291008 88.2716049383
24.6353476117 88.2716049383
24.6353476117 88.2716049383
24.2344042155 88.2716049383
24.2344042155 88.2716049383
24.2344042155 88.2716049383
23.8334608193 88.2716049383
23.8334608193 88.2716049383
23.8334608193 88.2716049383
23.4325174231 88.2716049383
23.4325174231 88.2716049383
23.4325174231 88.2716049383
23.0315740268 88.2716049383
23.0315740268 88.2716049383
22.6306306306 88.2716049383
22.6306306306 88.2716049383
22.6306306306 88.2716049383
22.2296872344 88.2716049383
22.2296872344 88.2716049383
22.2296872344 88.2716049383
22.2296872344 88.7654320988
22.2296872344 88.7654320988
22.2296872344 88.7654320988
22.2296872344 88.7654320988
22.2296872344 88.7654320988
22.2296872344 89.2592592593
22.2296872344 89.2592592593
22.2296872344 89.2592592593
22.2296872344 89.2592592593
22.2296872344 89.7530864198
22.2296872344 89.7530864198
22.2296872344 89.7530864198
22.2296872344 89.7530864198
22.2296872344 90.2469135803
22.2296872344 90.2469135803
22.2296872344 90.2469135803
22.2296872344 90.7407407408
22.2296872344 90.7407407408
22.2296872344 90.7407407408
22.2296872344 91.2345679013
22.2296872344 91.2345679013
22.2296872344 91.2345679013
22.2296872344 91.2345679013
22.2296872344 91.2345679013
22.2296872344 91.7283950617
22.2296872344 91.7283950617
22.2296872344 91.7283950617
22.2296872344 92.2222222222
22.2296872344 92.2222222222
22.2296872344 92.2222222222
22.2296872344 92.7160493827
22.2296872344 92.7160493827
22.2296872344 92.7160493827
22.2296872344 92.7160493827
22.2296872344 93.2098765432
22.2296872344 93.2098765432
22.2296872344 93.2098765432
22.2296872344 93.2098765432
22.2296872344 93.7037037037
22.2296872344 93.7037037037
22.2296872344 93.7037037037
22.2296872344 94.1975308642
22.2296872344 94.1975308642
22.2296872344 94.1975308642
22.2296872344 94.1975308642
22.2296872344 94.6913580247
22.2296872344 94.6913580247
22.2296872344 94.6913580247
22.2296872344 95.1851851852
22.2296872344 95.1851851852
22.2296872344 95.1851851852
22.2296872344 95.1851851852
22.2296872344 95.6790123457
22.2296872344 95.6790123457
22.2296872344 95.6790123457
22.2296872344 95.6790123457
22.2296872344 96.1728395062
22.2296872344 96.1728395062
22.2296872344 96.1728395062
22.2296872344 96.6666666667
22.2296872344 96.6666666667
22.2296872344 96.6666666667
22.2296872344 96.6666666667
22.2296872344 97.1604938272
22.2296872344 97.1604938272
22.2296872344 97.1604938272
22.2296872344 97.6543209877
22.2296872344 97.6543209877
22.2296872344 97.6543209877
22.2296872344 97.6543209877
22.2296872344 98.1481481482
22.2296872344 98.1481481482
22.2296872344 98.1481481482
22.2296872344 98.5802469136
22.2296872344 98.5802469136
22.2296872344 98.5802469136
22.2296872344 99.012345679
22.2296872344 99.012345679
22.2296872344 99.012345679
22.2296872344 99.4444444445
22.2296872344 99.4444444445
22.2296872344 99.4444444445
22.2296872344 99.8765432099
22.2296872344 99.8765432099
22.2296872344 99.8765432099
22.2296872344 100.308641975
22.2296872344 100.308641975
22.2296872344 100.308641975
22.2296872344 100.740740741
22.2296872344 100.740740741
22.2296872344 100.740740741
22.2296872344 101.172839506
22.2296872344 101.172839506
22.2296872344 101.172839506
22.2296872344 101.604938272
22.2296872344 101.604938272
22.2296872344 101.604938272
22.2296872344 102.037037037
22.2296872344 102.037037037
22.2296872344 102.037037037
22.2296872344 102.469135802
22.2296872344 102.469135802
22.2296872344 102.469135802
22.2296872344 102.901234568
22.2296872344 102.901234568
22.2296872344 102.901234568
22.2296872344 102.901234568
22.2296872344 103.333333333
22.2296872344 103.333333333
22.2296872344 103.333333333
22.2296872344 103.765432099
22.2296872344 103.765432099
22.2296872344 103.765432099
22.2296872344 104.197530864
22.2296872344 104.197530864
22.2296872344 104.197530864
22.2296872344 104.62962963
22.2296872344 104.62962963
22.2296872344 104.62962963
22.2296872344 105.061728395
22.2296872344 105.061728395
22.2296872344 105.061728395
22.2296872344 105.061728395
22.2296872344 105.493827161
22.2296872344 105.493827161
22.2296872344 105.493827161
22.2296872344 105.493827161
22.2296872344 105.493827161
22.2296872344 105.925925926
22.2296872344 105.925925926
22.2296872344 105.925925926
22.2296872344 106.358024691
22.2296872344 106.358024691
22.2296872344 106.358024691
22.2296872344 106.790123457
22.2296872344 106.790123457
22.2296872344 106.790123457
22.2296872344 108.086419753
22.2296872344 108.086419753
22.2296872344 108.086419753
22.2296872344 108.086419753
22.2296872344 108.086419753
22.2296872344 108.086419753
22.2296872344 108.086419753
22.2296872344 108.086419753
22.2296872344 108.086419753
22.2296872344 108.086419753
22.2296872344 108.086419753
22.2296872344 108.086419753
22.2296872344 108.086419753
22.2296872344 108.086419753
22.2296872344 108.086419753
22.2296872344 108.086419753
22.2296872344 108.086419753
22.2296872344 108.086419753
22.2296872344 108.086419753
22.2296872344 108.086419753
22.2296872344 108.086419753
22.2296872344 108.086419753
22.2296872344 108.086419753
22.2296872344 108.086419753
22.2296872344 108.086419753
22.2296872344 108.086419753
22.2296872344 108.086419753
22.2296872344 108.086419753
22.2296872344 108.086419753
22.2296872344 108.086419753
22.2296872344 108.086419753
22.2296872344 108.086419753
22.2296872344 108.086419753
22.2296872344 108.086419753
22.2296872344 108.086419753
22.2296872344 108.086419753
22.2296872344 108.086419753
22.2296872344 108.086419753
22.2296872344 108.086419753
22.2296872344 108.086419753
22.2296872344 108.086419753
22.2296872344 108.086419753
22.2296872344 108.086419753
22.2296872344 108.086419753
22.2296872344 108.086419753
22.2296872344 108.086419753
22.2296872344 108.086419753
22.2296872344 108.086419753
22.2296872344 108.086419753
22.2296872344 108.086419753
22.2296872344 108.086419753
22.2296872344 108.086419753
22.2296872344 108.086419753
22.2296872344 108.086419753
22.2296872344 108.086419753
22.2296872344 108.086419753
22.2296872344 108.086419753
22.2296872344 108.086419753
22.2296872344 108.086419753
22.2296872344 108.086419753
22.2296872344 108.086419753
22.2296872344 108.086419753
22.2296872344 108.086419753
22.2296872344 108.086419753
22.2296872344 108.086419753
22.2296872344 108.086419753
22.2296872344 108.086419753
22.2296872344 108.086419753
22.2296872344 108.086419753
22.2296872344 108.086419753
22.2296872344 108.086419753
22.2296872344 108.086419753
22.2296872344 108.086419753
22.2296872344 108.086419753
22.2296872344 108.086419753
22.2296872344 108.086419753
22.2296872344 108.086419753
22.2296872344 108.086419753
22.2296872344 108.086419753
22.2296872344 108.086419753
22.2296872344 108.086419753
22.2296872344 108.086419753
22.2296872344 108.086419753
22.2296872344 108.086419753
22.2296872344 108.086419753
22.2296872344 108.086419753
22.2296872344 108.086419753
22.2296872344 108.086419753
22.2296872344 108.086419753
22.2296872344 108.086419753
22.2296872344 108.086419753
22.2296872344 108.086419753
22.2296872344 108.086419753
22.2296872344 108.086419753
22.2296872344 108.086419753
22.2296872344 108.086419753
22.2296872344 108.086419753
22.2296872344 108.086419753
22.2296872344 108.086419753
22.2296872344 108.086419753
22.2296872344 108.086419753
22.2296872344 108.086419753
22.2296872344 108.086419753
22.2296872344 108.086419753
22.2296872344 108.086419753
22.2296872344 108.086419753
22.2296872344 108.086419753
22.2296872344 108.086419753
22.2296872344 108.086419753
22.2296872344 108.086419753
22.2296872344 108.086419753
22.2296872344 108.086419753
22.2296872344 108.086419753
22.2296872344 108.086419753
22.2296872344 108.086419753
22.2296872344 108.086419753
22.2296872344 108.086419753
22.2296872344 108.086419753
22.2296872344 108.086419753
22.2296872344 108.086419753
22.2296872344 108.086419753
22.2296872344 108.086419753
22.2296872344 108.086419753
22.2296872344 108.086419753
22.2296872344 108.086419753
22.2296872344 108.086419753
22.2296872344 108.086419753
22.2296872344 108.086419753
22.2296872344 108.086419753
22.2296872344 108.086419753
22.2296872344 108.086419753
22.2296872344 108.086419753
22.2296872344 108.086419753
22.2296872344 108.086419753
22.2296872344 108.086419753
22.2296872344 108.086419753
22.2296872344 108.086419753
22.2296872344 108.086419753
22.2296872344 108.086419753
22.2296872344 108.086419753
22.2296872344 108.086419753
22.2296872344 108.086419753
22.2296872344 108.086419753
22.2296872344 108.086419753
22.2296872344 108.086419753
22.2296872344 108.086419753
22.2296872344 108.086419753
22.2296872344 108.086419753
22.2296872344 108.086419753
22.2296872344 108.086419753
22.2296872344 108.086419753
22.2296872344 108.086419753
22.2296872344 108.086419753
22.2296872344 108.086419753
22.2296872344 108.086419753
22.2296872344 108.086419753
22.2296872344 108.086419753
22.2296872344 108.086419753
22.2296872344 108.086419753
22.2296872344 108.086419753
22.2296872344 108.086419753
22.2296872344 108.086419753
22.2296872344 108.086419753
22.2296872344 108.086419753
22.2296872344 108.086419753
22.2296872344 108.086419753
22.2296872344 108.086419753
22.2296872344 108.086419753
22.2296872344 108.086419753
22.2296872344 108.086419753
22.2296872344 108.086419753
22.2296872344 108.086419753
22.2296872344 108.086419753
22.2296872344 108.086419753
22.2296872344 108.086419753
22.2296872344 108.086419753
22.2296872344 108.086419753
22.2296872344 108.086419753
22.2296872344 108.055555556
22.2296872344 107.993827161
22.2296872344 107.993827161
22.2296872344 107.962962963
22.2296872344 107.932098765
22.2296872344 107.901234568
22.2296872344 107.87037037
22.2296872344 107.839506173
22.2296872344 107.808641975
22.2296872344 107.777777778
22.2296872344 107.74691358
22.2296872344 107.716049383
22.2296872344 107.685185185
22.2296872344 107.685185185
22.2296872344 107.62345679
22.2296872344 107.592592593
22.2296872344 107.561728395
22.2296872344 107.561728395
22.2296872344 107.530864198
22.2296872344 107.5
22.2296872344 107.469135802
22.2296872344 107.438271605
22.2296872344 107.407407407
22.2296872344 107.37654321
22.2296872344 107.345679012
22.2296872344 107.283950617
22.2296872344 107.25308642
22.2296872344 107.25308642
22.2296872344 107.191358025
22.2296872344 107.191358025
22.2296872344 107.12962963
22.2296872344 107.12962963
22.2296872344 107.098765432
22.2296872344 107.067901235
22.2296872344 107.037037037
22.2296872344 107.00617284
22.2296872344 106.975308642
22.2296872344 106.944444444
22.2296872344 106.913580247
22.2296872344 106.913580247
22.2296872344 106.882716049
22.2296872344 106.882716049
22.2296872344 106.851851852
22.2296872344 106.820987654
22.2296872344 106.820987654
22.2296872344 106.790123457
22.2296872344 106.790123457
22.2296872344 106.759259259
22.2296872344 106.728395062
22.2296872344 106.697530864
22.2296872344 106.697530864
22.2296872344 106.666666667
22.2296872344 106.666666667
22.2296872344 106.635802469
22.2296872344 106.604938272
22.2296872344 106.574074074
22.2296872344 106.543209877
22.2296872344 106.512345679
22.2296872344 106.512345679
22.2296872344 106.481481481
22.2296872344 106.450617284
22.2296872344 106.419753086
22.2296872344 106.419753086
22.2296872344 106.388888889
22.2296872344 106.358024691
22.2296872344 106.327160494
22.2296872344 106.327160494
22.2296872344 106.296296296
22.2296872344 106.203703704
22.2296872344 106.203703704
22.2296872344 106.203703704
22.2296872344 106.203703704
22.2296872344 106.203703704
22.2296872344 106.203703704
22.2296872344 106.203703704
22.2296872344 106.203703704
22.2296872344 106.203703704
22.2296872344 106.203703704
22.2296872344 106.203703704
22.2296872344 106.203703704
22.2296872344 106.203703704
22.2296872344 106.203703704
22.2296872344 106.203703704
22.2296872344 106.203703704
22.2296872344 106.203703704
22.2296872344 106.203703704
22.2296872344 106.203703704
22.2296872344 106.203703704
22.2296872344 106.203703704
22.2296872344 106.203703704
22.2296872344 106.203703704
22.2296872344 106.203703704
22.2296872344 106.203703704
22.2296872344 106.203703704
22.2296872344 106.203703704
22.2296872344 106.203703704
22.2296872344 106.203703704
22.2296872344 106.203703704
22.2296872344 106.203703704
22.2296872344 106.203703704
22.2296872344 106.203703704
22.2296872344 106.203703704
22.2296872344 106.203703704
22.2296872344 106.203703704
22.2296872344 106.203703704
22.2296872344 106.203703704
22.2296872344 106.203703704
22.2296872344 106.203703704
22.2296872344 106.203703704
22.2296872344 106.203703704
22.2296872344 106.203703704
22.2296872344 106.203703704
22.2296872344 106.203703704
22.2296872344 106.203703704
22.2296872344 106.203703704
22.2296872344 106.203703704
22.2296872344 106.203703704
22.2296872344 106.203703704
22.2296872344 106.203703704
22.2296872344 106.203703704
22.2296872344 106.203703704
22.2296872344 106.203703704
22.2296872344 106.203703704
22.2296872344 106.203703704
22.2296872344 106.203703704
22.2296872344 106.203703704
22.2296872344 106.203703704
22.2296872344 106.203703704
22.2296872344 106.203703704
22.2296872344 106.203703704
22.2296872344 106.203703704
22.2296872344 106.203703704
22.2296872344 106.203703704
22.2296872344 106.203703704
22.2296872344 106.203703704
22.2296872344 106.203703704
22.2296872344 106.203703704
22.2296872344 106.203703704
22.2296872344 106.203703704
21.324026857 106.203703704
21.324026857 106.203703704
21.324026857 106.203703704
21.324026857 106.203703704
21.324026857 106.203703704
21.324026857 106.203703704
20.4183664797 106.203703704
20.4183664797 106.203703704
20.4183664797 106.203703704
20.4183664797 106.203703704
20.4183664797 106.203703704
19.5127061023 106.203703704
19.5127061023 106.203703704
19.5127061023 106.203703704
18.607045725 106.203703704
18.607045725 106.203703704
18.607045725 106.203703704
18.607045725 106.203703704
18.607045725 106.203703704
18.607045725 106.203703704
18.607045725 106.203703704
17.7013853476 106.203703704
17.7013853476 106.203703704
17.7013853476 106.203703704
17.7013853476 106.203703704
17.7013853476 106.203703704
17.7013853476 106.203703704
16.7957249702 106.203703704
16.7957249702 106.203703704
16.7957249702 106.203703704
16.7957249702 106.203703704
16.7957249702 106.203703704
15.8900645929 106.203703704
15.8900645929 106.203703704
15.8900645929 106.203703704
15.8900645929 106.203703704
15.8900645929 106.203703704
15.8900645929 106.203703704
15.8900645929 106.203703704
14.9844042155 106.203703704
14.9844042155 106.203703704
14.9844042155 106.203703704
14.9844042155 106.203703704
14.9844042155 106.203703704
14.9844042155 106.203703704
14.0787438382 106.203703704
14.0787438382 106.203703704
14.0787438382 106.203703704
14.0787438382 106.203703704
12.2674230834 106.203703704
12.2674230834 106.203703704
12.2674230834 106.203703704
12.2674230834 106.203703704
12.2674230834 106.203703704
12.2674230834 106.203703704
12.2674230834 106.203703704
12.2674230834 106.203703704
11.3617627061 106.203703704
11.3617627061 106.203703704
11.3617627061 106.203703704
11.3617627061 106.203703704
11.3617627061 106.203703704
11.3617627061 106.203703704
11.3617627061 106.203703704
10.4561023287 106.203703704
10.4561023287 106.203703704
10.4561023287 106.203703704
10.4561023287 106.203703704
10.4561023287 106.203703704
10.4561023287 106.203703704
10.4561023287 106.203703704
9.55044195137 106.203703704
9.55044195137 106.203703704
9.55044195137 106.203703704
9.55044195137 106.203703704
9.55044195137 106.203703704
8.64478157401 106.203703704
8.64478157401 106.203703704
8.64478157401 106.203703704
8.64478157401 106.203703704
8.64478157401 106.203703704
8.64478157401 106.203703704
7.73912119666 106.203703704
7.73912119666 106.203703704
7.73912119666 106.203703704
7.73912119666 106.203703704
7.73912119666 106.203703704
7.73912119666 106.203703704
7.73912119666 106.203703704
6.8334608193 106.203703704
6.8334608193 106.203703704
6.8334608193 106.203703704
6.8334608193 106.203703704
6.8334608193 106.203703704
6.8334608193 106.203703704
5.92780044194 106.203703704
5.92780044194 106.203703704
5.92780044194 106.203703704
5.92780044194 106.203703704
5.92780044194 106.203703704
5.92780044194 106.203703704
5.92780044194 106.203703704
5.02214006458 106.203703704
5.02214006458 106.203703704
5.02214006458 106.203703704
5.02214006458 106.203703704
5.02214006458 106.203703704
5.02214006458 106.203703704
2.30515893251 106.203703704
2.30515893251 106.203703704
2.30515893251 106.203703704
2.30515893251 106.203703704
1.99855515892 106.203703704
1.99855515892 106.203703704
1.69195138534 106.203703704
1.69195138534 106.203703704
1.69195138534 106.203703704
1.38534761175 106.203703704
1.38534761175 106.203703704
1.07874383817 106.203703704
1.07874383817 106.203703704
1.07874383817 106.203703704
0.772140064584 106.203703704
0.772140064584 106.203703704
0.772140064584 106.203703704
0.465536290999 106.203703704
0.465536290999 106.203703704
0.465536290999 106.203703704
0.158932517414 106.203703704
0.158932517414 106.203703704
0.158932517414 106.203703704
-0.147671256171 106.203703704
-0.147671256171 106.203703704
-0.147671256171 106.203703704
-0.454275029756 106.203703704
-0.454275029756 106.203703704
-0.454275029756 106.203703704
-0.760878803341 106.203703704
-0.760878803341 106.20370370